0 1 2 3 4 6 12 13 14 15 16 18 19
0 1 4 5 12 14 15 16 18 19
1 12 14 15 18 19
1 2 4 6 12 14 15 18 19
1 2 6 12 14 15 16 18 19
0 1 2 6 12 14 18 19
0 3 4 11 14 15 18
0 3 4 5 6 11 12 14 15 18 19
0 1 12 15 18
2 3 6 12 14 18 19
0 1 2 4 6 12 14 15 18 19
0 4 6 12 14 19
0 1 2 6 12 14 15 18 19
0 14 15 16 18 19
0 14 16 19
2 6 14 15 18 19
1 4 12 14 18 19
0 2 6 14 15 16 18 19
0 6 12 14 15 16 18 19
1 2 3 4 6 12 14 15 16 18 19
0 4 6 12 14 15 18 19
1 4 5 12 14 18 19
0 6 12 19
1 2 4 6 12 14 15 18 19
0 2 3 4 5 6 12 14 15 16 18 19
2 6 14 18 19
1 4 6 12 14 15 18 19
1 2 6 12 14 15 18 19
6 12 14 15 18 19
0 1 2 4 6 12 14 15 18 19
0 1 4 14 18 19
0 1 4 12 14 15 18 19
1 12 14 15 18 19
2 6 12 14 18 19
0 1 3 4 12 14 18
1 12 14 15 18 19
3 4 6 12 14 18 19
2 6 12 14 15 18 19
0 1 12 14 15 18 19
0 1 12 14 15 16 18 19
0 2 3 4 6 11 14 15 18 19
0 2 3 4 6 14 15 16 18 19
0 14 15 16 18 19
14 15 18 19
0 1 2 3 4 6 12 14 15 18 19
2 3 4 6 14 15 18 19
3 4 14 18
1 2 6 12 14 15 18 19
0 1 3 6 12 14 15 18 19
0 2 4 6 12 13 14 15 18 19
0 1 2 3 4 6 12 14 15 18 19
3 4 5 14 18
4 5 14 18
1 2 3 4 6 12 13 14 15 18 19
0 3 4 6 12 14 15 16 18 19
2 6 14 15 18 19
0 1 3 12 14 15 18 19
0 1 6 12 14 15 18 19
0 6 11 12 14 15 18 19
3 4 6 12 14 15 18 19
0 1 2 3 6 12 14 18 19
0 4 6 12 14 18 19
1 6 12 14 18 19
0 1 2 3 4 6 11 12 14 15 18 19
0 1 3 4 12 14 15 16 18 19
0 1 12 14 15 16 18 19
1 12 14 18 19
0 2 4 6 11 12 14 15 18 19
0 1 2 4 6 12 14 15 16 18 19
0 1 2 6 14 15 18
1 2 4 5 6 12 14 15 18 19
1 2 4 6 12 14 15 16 18 19
0 6 12 14 16 18 19
0 1 12 14 15 18 19
0 1 3 4 6 12 14 15 18 19
1 3 4 12 14 18 19
0 2 6 11 12 14 15 18 19
0 2 3 4 5 6 14 15 16 18 19
3 4 12 14 15 18 19
2 3 6 12 14 15 18 19
3 4 6 12 14 18
0 1 2 4 6 12 14 15 16 18 19
0 2 13 14 16 19
0 1 2 3 6 12 14 15 18
0 1 3 6 11 12 14 15 18 19
0 3 4 6 12 14 15 16 18 19
0 1 6 12 14 15 18 19
0 14 16 18
0 15 16 18 19
0 1 3 4 6 12 14 15 16 18 19
1 3 6 12 14 15 18 19
1 3 4 5 12 14 15 18 19
0 1 3 4 6 12 14 15 18 19
0 1 2 6 12 14 15 18 19
1 6 12 14 15 18 19
2 3 4 6 14 15 16 18 19
0 1 2 3 4 5 6 11 12 14 15 16 18 19
0 3 4 6 12 14 15 18 19
0 3 4 14 15 16 18 19
0 1 3 4 5 12 14 15 16 18 19
